NAME	= Valley Depth
DESCRIPTION	= 
UNIT	= 
DATAFORMAT	= FLOAT
DATAFILE_OFFSET	= 0
BYTEORDER_BIG	= FALSE
TOPTOBOTTOM	= FALSE
POSITION_XMIN	= -2539500.0000000000
POSITION_YMIN	= 119500.0000000000
CELLCOUNT_X	= 4981
CELLCOUNT_Y	= 3139
CELLSIZE	= 1000.0000000000
Z_FACTOR	= 1.000000
Z_OFFSET	= 0.000000
NODATA_VALUE	= -99999.000000
