T0=1636178661.537412
/home/lvalera/Documents/Src_SOMOSPIE/SOMOSPIE/out/job_2021_11_06_06_04_22
[('STATE', 'Alabama')]
T1=1636178690.9429414
T=29.405529499053955
