T0=1636491884.7469587
/home/lvalera/Documents/SOMOSPIE/SOMOSPIE/out/job_2021_11_09_21_05_01
[('STATE', 'Alabama')]
T1=1636491941.4017534
T=56.654794692993164
